%%-----  MLF Data  -----%%
%column_names% 	bus	p mlf
mpc.bus_mlf = [
1	-2.4979794683753735	0.27517339384885986;
2	-2.4979794745060158	0.26904275163275315;
3	10.209628413649185	0.7771254484367773;
4	10.209628432911037	0.7963873009941835;
5	1.6502666711115785	1.1032717239789491;
6	-2.497979475352025	0.26819674259215276;
7	-2.4979794748857507	0.2686630167225701;
8	10.209628301671241	0.6651475050745148;
9	10.209628421615946	0.7850922099095214;
10	-2.4979794735650045	0.26998376290165993;
11	0.9528671539203438	0.5307277826105405;
12	0.9528672186571067	0.5954645454497864;
13	0.9528672062486802	0.583056118941272;
14	10.209628427105722	0.7905819856546259;
15	-2.497979485224553	0.25832421446381204;
16	-0.8898344854917584	0.8385278733591406;
17	-2.4979794808673588	0.262681408624843;
18	-2.4979794753822193	0.26816654807859663;
19	0.9528672041786347	0.5809860734729;
20	-2.4979794724836095	0.27106515787522767;
21	10.209628454332146	0.8178084094367932;
22	10.209628275747502	0.6392237654750943;
23	-2.49797947670641	0.2668423575435952;
24	0.9528672036132633	0.5804207020565499;
25	10.209628256035796	0.6195120594298942;
26	-2.497979442450749	0.3010980185180756;
27	-0.889834884881831	0.43913780067850183;
28	10.209628070169918	0.4336461820741988;
29	-0.8898346875380986	0.6364815331449947;
30	10.209628333013685	0.6964899483818954;
31	10.209628086988873	0.45046513719171344;
32	10.209628267934939	0.6314112024341512;
33	-2.4979794927696695	0.25077909793225217;
34	-2.497979472999544	0.27054922346891885;
35	-2.4979794828903645	0.2606584028619352;
36	-2.4979794736058127	0.2699429546559884;
37	-0.8898348254021146	0.4986175171639573;
38	1.6502666799031513	1.1120632967820399;
39	-0.8898346706140835	0.6534055482232404;
40	-0.8898346659804675	0.6580391642696526;
41	10.20962843525682	0.7987330832293082;
42	-0.8898346867109006	0.6373087311217773;
43	0.9528672124502865	0.5892577252808451;
44	1.6502667038729018	1.1360330471887892;
45	0.9528671688883944	0.5456958331873096;
46	10.209628123977955	0.48745421921125853;
47	-0.8898346838212069	0.6401984248283199;
48	0.9528671251970641	0.5020045028558684;
49	10.209628450264141	0.813740404836949;
50	10.209628422785682	0.786261946217337;
51	10.209628452815421	0.8162916849130397;
52	10.209628347335965	0.7108122286325624;
53	-2.497979477277806	0.2662709612799574;
54	-2.497979475685454	0.26786331330797;
55	0.9528671591032447	0.5359106834967875;
56	-2.4979794734452394	0.27010352798839676;
57	10.209628355318923	0.7187951869269682;
58	10.209628113416318	0.4768925823128711;
59	10.2096284272369	0.7907131642781451;
60	0.9528671025458811	0.4793533199265454;
61	10.209628246382204	0.6098584677260988;
62	1.6502665930472804	1.0252074258421118;
63	10.20962836349553	0.7269717929858643;
64	10.209628425928804	0.7894050675361086;
65	-2.4979794738888477	0.26965991972716097;
66	1.650266710360438	1.1425205834747487;
67	10.209628070000745	0.4334770089542417;
68	-0.8898349512073797	0.3728122520696431;
69	-0.8898346903583076	0.6336613240787159;
70	-2.497979471053089	0.27249567846610034;
71	-2.497979473100307	0.2704484605153823;
72	-2.4979794723384834	0.2712102840085606;
73	0.9528671768133712	0.553620809973232;
74	1.650266652269235	1.0844293805156724;
75	1.6502667264469275	1.1586070729485698;
76	-2.4979794759779868	0.2675707806432115;
77	1.6502666590932573	1.0912534027518461;
78	0.952867127095717	0.5039031557574347;
79	10.209628429407292	0.7928835561443748;
80	0.9528672134999824	0.5903074211666137;
81	0.9528672415026437	0.6183100824674881;
82	10.209628249078085	0.6125543485779872;
83	10.209628414157656	0.7776339199239146;
84	10.20962826418581	0.6276620734269045;
85	0.9528671407575262	0.5175649649968861;
86	0.9528671757641487	0.5525715874865611;
87	0.9528671584619	0.5352693387417062;
88	0.9528671981411592	0.574948597953373;
89	1.6502666717908159	1.1039509613119947;
90	0.9528672113899043	0.5881973430543752;
91	10.209628413649087	0.7771253507371512;
92	10.20962843396302	0.7974392843834721;
93	0.952867193242086	0.5700495248062154;
94	10.209628346923537	0.7103998012070178;
95	-2.497979572814471	0.17073429647851412;
96	-2.497979421512438	0.3220363296030371;
97	1.6502666979146043	1.1300747497777763;
98	-0.8898349506869953	0.3733326364718792;
99	0.9528671659488834	0.5427563222193399;
100	-0.8898346992977922	0.6247218394817011;
101	-2.49797948781752	0.25573124728950347;
102	1.6502667153203472	1.1474804926248083;
103	1.6502666483306565	1.0804908019412807;
104	1.6502666021243309	1.0342844762867287;
105	-2.4979794427310766	0.30081769075707143;
106	10.209628221557837	0.5850341011637283;
107	0.9528672004822546	0.5772896933819993;
108	1.650266711535977	1.1436961224742248;
109	10.209628422335552	0.7858118156178762;
110	-2.497979457412375	0.2861363923578608;
111	10.209628450905885	0.8143821492723191;
112	1.6502666583260817	1.0904862270955107;
113	10.209628345454476	0.7089307398899791;
114	-2.497979470941556	0.2726072114711542;
115	10.209628355318769	0.7187950323839232;
116	10.209628263723774	0.627200037683906;
117	0.9528671634804063	0.5402878451299387;
118	-2.4979794852874555	0.25826131189177204;
119	-2.497979474620283	0.26892848437043426;
120	-0.8898346933045581	0.6307150736128975;
121	-2.4979794782500058	0.26529876162584287;
122	-2.497979482571176	0.2609775915374257;
123	-2.497979482577983	0.26097078453801714;
124	10.209628411826015	0.7753022792655884;
125	0.9528672122045108	0.5890119495477464;
126	-2.4979794619861204	0.28156264697543065;
127	-2.4979794768807553	0.26666801211661095;
128	-0.889834675053265	0.6489663667563761;
129	10.209628437133809	0.8006100724600174;
130	10.209628636523737	1.0000000010279564;
131	0.9528671697240287	0.5465314675268118;
132	10.209628428562496	0.7920387599114065;
133	1.6502666518254339	1.083985579297675;
134	-2.4979794431316265	0.3004171409415335;
135	0.9528671242660889	0.5010735276700373;
136	1.6502666815674627	1.113727608137438;
137	1.650266649658546	1.0818186915173555;
138	-0.8898348837671066	0.44025252510238033;
139	0.9528672050174494	0.5818248881572785;
140	-0.889834703890053	0.6201295786878447;
141	1.6502667344288007	1.1665889461109913;
142	0.952867163863423	0.5406708617483602;
143	0.9528672095280452	0.5863354839430457;
144	0.9528670989099417	0.4757173804881276;
145	-2.4979794759766536	0.26757211379901946;
146	1.6502666647359696	1.0968961150492618;
147	0.9528672116520178	0.5884594566074597;
148	-2.4979795613936764	0.18215509101082716;
149	10.2096283939933	0.7574695644052554;
150	0.952867167475032	0.5442824707602156;
151	-2.497979473881069	0.2696676983937607;
152	-2.49797965234132	0.09120744737245445;
153	0.9528672214670324	0.5982744711863219;
154	1.6502666696876662	1.1018478116575636;
155	-0.8898346882834283	0.6357362034581371;
156	-2.4979794735984275	0.2699503398595482;
157	1.6502666325681077	1.0647282531195401;
158	0.9528671153019949	0.4921094336474141;
159	10.209628361791367	0.725267630841131;
160	0.9528670999831501	0.4767905888991564;
161	-2.4979794756349207	0.267913846663248;
162	0.9528671553370642	0.5321445030181948;
163	0.952867207255271	0.5840627097519757;
164	10.209628454876897	0.8183531612360184;
165	0.9528671071308618	0.48393830054394016;
166	0.9528671725366384	0.5493440772275093;
167	-0.8898346853562662	0.6386633655264262;
168	0.9528672112848346	0.5880922734347038;
169	10.209628448146308	0.8116225718168835;
170	10.209628422777689	0.7862539526115597;
171	-2.49797947594512	0.2676036472415433;
172	0.9528670655711884	0.44237862717455556;
173	-2.4979794379333353	0.3056154320724147;
174	0.9528671665359453	0.543343384062922;
175	-2.497979480872302	0.2626764654678482;
176	-2.497979443536653	0.30001211426267105;
177	-2.497979649299297	0.09424947045033605;
178	1.6502667105258002	1.1426859456431515;
179	10.209628257867353	0.6213436165580788;
180	10.209628360652488	0.7241287516279726;
181	10.20962832194514	0.6854214031903894;
182	10.20962798577484	0.34925110448114083;
183	0.9528671552787114	0.5320861501401097;
184	-2.4979794825779598	0.26097080763065605;
185	0.9528672067666588	0.583574097601236;
186	0.9528670832208647	0.4600283034505992;
