%%-----  OPF Data  -----%%
%% cost data
%    1    startup    shutdown    n    x1    y1    ...    xn    yn
%    2    startup    shutdown    n    c(n-1)    ...    c0
mpc.gencost = [
1	350.0	0.0	10	250.0	-967.3	500.0	-967.3	637.5	18.22	775.0	18.22	775.0	18.22	775.0	18.22	775.0	18.22	775.0	18.22	775.0	18.22	781.0	16057.18;
1	350.0	0.0	10	100.0	-964.6	265.0	-43.41	330.0	-43.41	477.5	34.61	655.0	57.87	685.0	57.87	685.0	57.87	685.0	57.87	685.0	57.87	692.5	16012.36;
1	350.0	0.0	10	106.0	-985.6	232.0	0.99	272.0	9.86	306.0	35.61	340.0	54.06	360.0	54.06	360.0	54.06	360.0	54.06	530.0	315.39	725.0	16360.96;
1	350.0	0.0	10	110.0	-971.7	220.0	-971.7	220.0	-971.7	250.0	86.37	280.0	86.37	315.0	136.0	540.0	278.85	730.0	278.85	730.0	278.85	730.0	278.85;
1	100.0	0.0	10	0.0	-973.6	0.0	-973.6	0.0	-973.6	0.0	-973.6	0.0	-973.6	0.0	-973.6	0.0	-973.6	0.0	-973.6	0.0	-973.6	25.0	16161.76;
1	0.0	0.0	10	0.0	-930.93	0.0	-930.93	0.0	-930.93	0.0	-930.93	21.5	-86.17	43.0	-86.17	43.0	-86.17	43.0	-86.17	43.0	-86.17	43.0	-86.17;
1	0.0	0.0	10	0	0	0	0	0	0	0	0	0	0	0	0	0	0	0	0	0	0	0	0;
1	350.0	0.0	10	110.0	-971.7	220.0	-971.7	220.0	-971.7	250.0	86.37	280.0	86.37	315.0	136.0	525.0	278.85	700.0	278.85	700.0	278.85	700.0	278.85;
1	350.0	0.0	10	91.0	-985.6	212.0	0.99	332.0	9.86	501.0	35.61	640.0	54.06	700.0	54.06	700.0	54.06	700.0	54.06	700.0	54.06	725.0	16360.96;
1	350.0	0.0	10	100.0	-965.1	265.0	-43.43	330.0	-43.43	472.5	34.63	650.0	57.9	685.0	57.9	685.0	57.9	685.0	57.9	685.0	57.9	692.5	16020.66;
1	350.0	0.0	10	55.0	-961.7	110.0	-961.7	110.0	-961.7	125.0	95.61	140.0	95.61	471.5	292.76	803.0	292.76	803.0	292.76	803.0	292.76	803.0	292.76;
1	0.0	0.0	10	34.0	-897.7	68.0	-897.7	68.0	-897.7	68.0	-897.7	68.0	-897.7	68.0	-897.7	68.0	-897.7	68.0	-897.7	68.0	-897.7	81.0	14901.82;
1	0.0	0.0	10	18.0	-956.68	36.0	-956.68	36.0	-956.68	36.0	-956.68	36.0	-956.68	36.0	-956.68	45.0	95.69	54.0	95.69	70.5	296.6	87.0	296.6;
1	0.0	0.0	10	0.0	-896.8	49.5	-45.74	99.0	-45.74	99.0	-45.74	99.0	-45.74	99.0	-45.74	99.0	-45.74	99.0	-45.74	99.0	-45.74	99.0	-45.74;
1	350.0	0.0	10	175.0	-978.2	350.0	-978.2	455.0	8.75	560.0	8.75	560.0	8.75	575.0	77.99	590.0	77.99	590.0	77.99	590.0	77.99	590.0	77.99;
1	350.0	0.0	10	0	0	0	0	0	0	0	0	0	0	0	0	0	0	0	0	0	0	0	0;
1	0.0	0.0	10	10.0	-982.15	20.0	-982.15	20.0	-982.15	20.0	-982.15	20.0	-982.15	20.0	-982.15	20.0	-982.15	20.0	-982.15	47.5	304.93	91.0	16309.5;
1	350.0	0.0	10	55.5	-932.9	111.0	-932.9	111.0	-932.9	111.0	-932.9	111.0	-932.9	111.0	-932.9	111.0	-932.9	130.5	58.52	205.0	345.85	272.5	15486.14;
1	350.0	0.0	10	55.0	-932.9	110.0	-932.9	110.0	-932.9	110.0	-932.9	110.0	-932.9	110.0	-932.9	110.0	-932.9	110.0	-932.9	185.0	345.85	272.5	15486.14;
1	350.0	0.0	10	0.0	-992.7	0.0	-992.7	0.0	-992.7	0.0	-992.7	0.0	-992.7	0.0	-992.7	0.0	-992.7	0.0	-992.7	0.0	-992.7	146.0	16478.82;
1	350.0	0.0	10	55.5	-932.9	111.0	-932.9	111.0	-932.9	111.0	-932.9	111.0	-932.9	111.0	-932.9	111.0	-932.9	111.0	-932.9	185.5	345.85	272.5	15486.14;
1	350.0	0.0	10	0.0	-995.19	0.0	-995.19	0.0	-995.19	0.0	-995.19	0.0	-995.19	0.0	-995.19	0.0	-995.19	0.0	-995.19	0.0	-995.19	93.0	16520.16;
1	350.0	0.0	10	0.0	-977.21	0.0	-977.21	0.0	-977.21	0.0	-977.21	0.0	-977.21	0.0	-977.21	0.0	-977.21	50.0	293.15	100.0	293.15	210.0	16221.76;
1	350.0	0.0	10	91.0	-984.8	212.0	0.98	332.0	9.85	501.0	35.58	640.0	54.02	700.0	54.02	700.0	54.02	700.0	54.02	700.0	54.02	725.0	16347.68;
1	350.0	0.0	10	0	0	0	0	0	0	0	0	0	0	0	0	0	0	0	0	0	0	0	0;
1	0.0	0.0	10	24.0	-957.5	48.0	-957.5	48.0	-957.5	48.0	-957.5	48.0	-957.5	48.0	-957.5	48.0	-957.5	48.0	-957.5	48.0	-957.5	48.0	-957.5;
1	0.0	0.0	10	23.5	-918.31	47.0	-918.31	47.0	-918.31	47.0	-918.31	47.0	-918.31	47.0	-918.31	47.0	-918.31	47.0	-918.31	47.0	-918.31	47.0	-918.31;
1	0.0	0.0	10	0.0	-1011.0	0.0	-1011.0	0.0	-1011.0	0.0	-1011.0	0.0	-1011.0	0.0	-1011.0	0.0	-1011.0	0.0	-1011.0	0.0	-1011.0	17.0	16782.6;
1	0.0	0.0	10	0	0	0	0	0	0	0	0	0	0	0	0	0	0	0	0	0	0	0	0;
1	62.5	0.0	10	20.0	-999.7	40.0	-999.7	40.0	-999.7	40.0	-999.7	40.0	-999.7	40.0	-999.7	40.0	-999.7	40.0	-999.7	40.0	-999.7	125.0	16595.02;
1	62.5	0.0	10	0.0	-961.7	0.0	-961.7	0.0	-961.7	0.0	-961.7	0.0	-961.7	55.0	370.28	139.5	533.87	172.0	1259.85	175.0	1259.85	181.5	15964.22;
1	62.5	0.0	10	0.0	-999.7	0.0	-999.7	0.0	-999.7	0.0	-999.7	0.0	-999.7	0.0	-999.7	0.0	-999.7	0.0	-999.7	0.0	-999.7	105.0	16595.02;
1	62.5	0.0	10	72.5	-999.2	145.0	-999.2	145.0	-999.2	145.0	-999.2	145.0	-999.2	145.0	-999.2	145.0	-999.2	145.0	-999.2	145.0	-999.2	174.5	16586.72;
1	0.0	0.0	10	0.0	-995.67	0.0	-995.67	0.0	-995.67	0.0	-995.67	53.0	-109.76	106.0	-109.76	106.0	-109.76	106.0	-109.76	106.0	-109.76	106.0	-109.76;
1	0.0	0.0	10	0.0	-922.58	0.0	-922.58	56.5	-132.94	113.0	-132.94	113.0	-132.94	113.0	-132.94	113.0	-132.94	113.0	-132.94	113.0	-132.94	113.0	-132.94;
1	0.0	0.0	10	0.0	-957.6	0.0	-957.6	0.0	-957.6	0.0	-957.6	41.0	5.98	82.0	5.98	82.0	5.98	82.0	5.98	82.0	5.98	82.0	5.98;
1	0.0	0.0	10	45.5	-807.3	91.0	-807.3	91.0	-807.3	91.0	-807.3	91.0	-807.3	91.0	-807.3	91.0	-807.3	91.0	-807.3	91.0	-807.3	91.0	-807.3;
1	0.0	0.0	10	7.5	-960.1	15.0	-960.1	15.0	-960.1	50.0	-45.37	85.0	-45.37	85.0	-45.37	85.0	-45.37	85.0	-45.37	85.0	-45.37	85.0	-45.37;
1	350.0	0.0	10	91.0	-984.8	212.0	0.98	332.0	9.85	501.0	35.58	640.0	54.02	700.0	54.02	700.0	54.02	700.0	54.02	700.0	54.02	725.0	16347.68;
1	350.0	0.0	10	175.0	-978.2	350.0	-978.2	440.0	8.75	530.0	8.75	530.0	8.75	532.5	77.99	535.0	77.99	535.0	77.99	535.0	77.99	535.0	77.99;
1	0.0	0.0	10	28.5	-1005.68	57.0	-1005.68	57.0	-1005.68	57.0	-1005.68	57.0	-1005.68	57.0	-1005.68	57.0	-1005.68	57.0	-1005.68	57.0	-1005.68	57.0	-1005.68;
1	62.5	0.0	10	0.0	-978.2	0.0	-978.2	0.0	-978.2	0.0	-978.2	0.0	-978.2	0.0	-978.2	0.0	-978.2	0.0	-978.2	0.0	-978.2	30.0	16238.08;
1	0.0	0.0	10	0.0	-905.68	0.0	-905.68	0.0	-905.68	0.0	-905.68	0.0	-905.68	0.0	-905.68	0.0	-905.68	0.0	-905.68	44.5	281.05	89.0	281.05;
1	0.0	0.0	10	0.0	-893.0	34.0	-89.3	68.0	-89.3	68.0	-89.3	68.0	-89.3	68.0	-89.3	68.0	-89.3	68.0	-89.3	68.0	-89.3	108.0	14823.8;
1	0.0	0.0	10	47.5	-959.9	95.0	-959.9	95.0	-959.9	95.0	-959.9	95.0	-959.9	95.0	-959.9	95.0	-959.9	95.0	-959.9	95.0	-959.9	95.0	-959.9;
1	100.0	0.0	10	82.5	-922.51	165.0	-922.51	165.0	-922.51	165.0	-922.51	165.0	-922.51	165.0	-922.51	165.0	-922.51	165.0	-922.51	165.0	-922.51	172.5	9667.0;
1	100.0	0.0	10	0	0	0	0	0	0	0	0	0	0	0	0	0	0	0	0	0	0	0	0;
1	0.0	0.0	10	0.0	-950.23	86.5	-86.3	173.0	-86.3	173.0	-86.3	173.0	-86.3	173.0	-86.3	173.0	-86.3	173.0	-86.3	173.0	-86.3	173.0	-86.3;
1	0.0	0.0	10	31.0	-884.64	62.0	-884.64	62.0	-884.64	62.0	-884.64	62.0	-884.64	62.0	-884.64	62.0	-884.64	62.0	-884.64	62.0	-884.64	62.5	14684.91;
1	0.0	0.0	10	35.5	-957.0	71.0	-957.0	71.0	-957.0	71.0	-957.0	71.0	-957.0	71.0	-957.0	71.0	-957.0	71.0	-957.0	71.0	-957.0	71.0	-957.0;
1	100.0	0.0	10	0.0	-973.1	0.0	-973.1	0.0	-973.1	0.0	-973.1	0.0	-973.1	0.0	-973.1	0.0	-973.1	0.0	-973.1	0.0	-973.1	72.0	16153.46;
1	0.0	0.0	10	41.0	-928.8	82.0	-928.8	82.0	-928.8	82.0	-928.8	82.0	-928.8	82.0	-928.8	82.0	-928.8	82.0	-928.8	82.0	-928.8	82.0	-928.8;
1	0.0	0.0	10	55.5	-962.2	111.0	-962.2	111.0	-962.2	111.0	-962.2	111.0	-962.2	111.0	-962.2	111.0	-962.2	111.0	-962.2	111.0	-962.2	111.0	-962.2;
1	0.0	0.0	10	54.5	-946.7	109.0	-946.7	109.0	-946.7	109.0	-946.7	109.0	-946.7	109.0	-946.7	109.0	-946.7	109.0	-946.7	109.0	-946.7	109.0	-946.7;
1	0.0	0.0	10	0.0	-992.34	53.0	-133.2	106.0	-133.2	106.0	-133.2	106.0	-133.2	106.0	-133.2	106.0	-133.2	106.0	-133.2	106.0	-133.2	106.0	-133.2;
1	0.0	0.0	10	51.0	-946.7	102.0	-946.7	102.0	-946.7	102.0	-946.7	102.0	-946.7	102.0	-946.7	102.0	-946.7	102.0	-946.7	102.0	-946.7	102.0	-946.7;
1	0.0	0.0	10	51.0	-946.7	102.0	-946.7	102.0	-946.7	102.0	-946.7	102.0	-946.7	102.0	-946.7	102.0	-946.7	102.0	-946.7	102.0	-946.7	102.0	-946.7;
1	100.0	0.0	10	0.0	-961.7	0.0	-961.7	0.0	-961.7	0.0	-961.7	0.0	-961.7	0.0	-961.7	55.0	533.85	142.5	1259.86	175.0	1259.86	181.5	15964.22;
1	100.0	0.0	10	0.0	-1000.0	0.0	-1000.0	0.0	-1000.0	0.0	-1000.0	0.0	-1000.0	0.0	-1000.0	96.5	560.98	193.0	560.98	193.0	560.98	201.5	16600.0;
