%%-----  MLF Data  -----%%
%column_names% 	bus	p mlf
mpc.bus_mlf = [
1	9.110856588475135	0.8913567057788896;
2	9.110856592113693	0.894995263678311;
3	9.110856811973862	1.1148554328599403;
4	9.110856781899367	1.084780937077312;
5	9.110856810734902	1.1136164719260933;
6	9.110856589294722	0.8921762919555931;
7	9.110856593983504	0.896865074651032;
8	9.110856815593664	1.1184752342074944;
9	9.110856809219714	1.1121012839510058;
10	9.110856595535049	0.8984166193215515;
11	9.110856779971986	1.0828535561557828;
12	9.11085680895446	1.1118360312423192;
13	9.110856828971365	1.1318529349324535;
14	9.110856772420108	1.0753016788100922;
15	9.11085656615182	0.869033391026619;
16	9.110856681929137	0.9848107076493307;
17	9.110856584318661	0.8872002315030159;
18	9.11085659242404	0.8953056109817226;
19	9.110856824920965	1.1278025358052446;
20	9.110856597971322	0.9008528927267889;
21	9.110856763103056	1.0659846267913053;
22	9.110856827587954	1.1304695242131402;
23	9.110856597947631	0.9008292014556218;
24	9.110856823302681	1.126184251631912;
25	9.110856686916478	0.9897980479678381;
26	9.110856604194776	0.9070763464791298;
27	9.11085664153035	0.9444119211110547;
28	9.110856793339005	1.0962205756470667;
29	9.110856687498472	0.9903800428645582;
30	9.110856719404673	1.0222862432129887;
31	9.1108566517281	0.9546096713108909;
32	9.110856789799609	1.0926811793154911;
33	9.11085660602463	0.9089062000811055;
34	9.110856592308041	0.895189611327396;
35	9.110856593269368	0.8961509383453858;
36	9.11085659007648	0.8929580506134016;
37	9.110856661114958	0.9639965288243957;
38	9.110856808752994	1.1116345639550218;
39	9.110856859518236	1.1623998066312424;
40	9.110856875360616	1.1782421864836579;
41	9.110856782016555	1.0848981251143641;
42	9.110856697745799	1.0006273694074252;
43	9.110856830545789	1.1334273590790644;
44	9.110856831694196	1.1345757666703093;
45	9.110856818976806	1.1218583768624057;
46	9.110856596889139	0.8997707094948737;
47	9.110856679486464	0.9823680340304008;
48	9.110856741230874	1.044112444503753;
49	9.110856767361545	1.070243115464109;
50	9.110856770756738	1.0736383089238188;
51	9.110856754446393	1.057327963849275;
52	9.110856700055464	1.0029370347552913;
53	9.110856593369984	0.8962515547494831;
54	9.110856598849388	0.9017309583470023;
55	9.11085679155976	1.0944413304514455;
56	9.110856590606597	0.893488167008627;
57	9.110856710526237	1.0134078074486297;
58	9.110856677415063	0.9802966332017604;
59	9.11085677569177	1.0785733408624765;
60	9.110856744118545	1.0470001150508779;
61	9.110856770351445	1.0732330153473413;
62	9.110856722082623	1.0249641935189402;
63	9.110856722491047	1.0253726170361688;
64	9.11085677490627	1.0777878411971642;
65	9.110856597519854	0.900401424530628;
66	9.11085684253457	1.1454161406021512;
67	9.110856793928114	1.0968096848529285;
68	9.110856624517417	0.9273989878266775;
69	9.110856692377975	0.9952595458884161;
70	9.110856596959994	0.8998415648164837;
71	9.11085659592326	0.8988048296743045;
72	9.110856598441371	0.90132294161549;
73	9.11085682704445	1.129926021192773;
74	9.110856781212497	1.0840940678491506;
75	9.110856854946439	1.1578280094681759;
76	9.11085658577789	0.8886594606849485;
77	9.11085679891834	1.1017999099749431;
78	9.110856740637507	1.0435190773705472;
79	9.11085677796304	1.0808446102572589;
80	9.110856840046523	1.1429280935004726;
81	9.110856822022477	1.1249040472449678;
82	9.110856604871671	0.907753241463638;
83	9.110856794787987	1.0976695570263928;
84	9.110856807141252	1.1100228221039288;
85	9.110856754026523	1.0569080934885733;
86	9.110856840881723	1.1437632938537945;
87	9.110856790249183	1.0931307539152613;
88	9.110856813828972	1.1167105427034585;
89	9.110856800710927	1.103592497386785;
90	9.110856828666725	1.131548295063567;
91	9.11085681197301	1.1148545802086574;
92	9.110856780924376	1.0838059463225136;
93	9.110856861281942	1.1641635122572325;
94	9.110856699091578	1.001973148007096;
95	9.110856619010951	0.92189252143271;
96	9.110856657645506	0.9605270765433715;
97	9.110856830204765	1.1330863358693932;
98	9.110856626195279	0.9290768492320467;
99	9.110856805544636	1.1084262059313232;
100	9.110856687910527	0.9907920972551665;
101	9.110856604434622	0.9073161919559425;
102	9.11085684719839	1.150079960154926;
103	9.110856777295652	1.0801772223345552;
104	9.11085673112482	1.0340063898439666;
105	9.110856603468234	0.9063498040973172;
106	9.1108566720165	0.9748980698276455;
107	9.110856814700737	1.1175823075859626;
108	9.110856843629897	1.1465114670983212;
109	9.110856769256971	1.0721385415024542;
110	9.110856589997855	0.8928794255069761;
111	9.110856752482686	1.05536425643038;
112	9.110856787267013	1.0901485829606372;
113	9.110856701844527	1.0047260978751638;
114	9.110856598465334	0.9013469046692535;
115	9.1108567105266	1.013408169825425;
116	9.110856806324646	1.1092062166540018;
117	9.110856788579305	1.0914608754575283;
118	9.110856566101713	0.8689832835528932;
119	9.110856601788806	0.9046703759452157;
120	9.110856685741812	0.9886233822697932;
121	9.110856592812281	0.8956938515325419;
122	9.110856575293727	0.8781752978137547;
123	9.110856575270368	0.8781519387213166;
124	9.11085683154303	1.1344246004796332;
125	9.11085680804526	1.1109268296394248;
126	9.110856588053332	0.8909349027419466;
127	9.110856583418542	0.8863001124126413;
128	9.1108566839882	0.9868697699033646;
129	9.110856786449002	1.0893305724124502;
130	9.11085669711843	1.0000000010279564;
131	9.110856813254289	1.1161358592914894;
132	9.110856774390236	1.0772718059826047;
133	9.110856780762044	1.083643613952745;
134	9.11085658408065	0.8869622210028183;
135	9.110856720697802	1.0235793723722963;
136	9.110856810477397	1.1133589676859401;
137	9.110856778616006	1.0814975759387835;
138	9.110856643675097	0.9465566677135939;
139	9.110856799516116	1.1023976860258244;
140	9.110856679111652	0.9819932227372874;
141	9.11085686660253	1.169484100671525;
142	9.110856759739953	1.0626215232178993;
143	9.110856806493464	1.109375034502591;
144	9.110856669834554	0.9727161245365323;
145	9.110856585782235	0.8886638056537777;
146	9.110856793657478	1.0965390480066617;
147	9.110856829571492	1.1324530628797902;
148	9.110856621098739	0.923980309153194;
149	9.110856826283248	1.1291648185363101;
150	9.110856808662671	1.1115442415388088;
151	9.1108565933267	0.8962082702623775;
152	9.11085654498745	0.8478690212143647;
153	9.110856816265354	1.1191469244664631;
154	9.110856798589053	1.1014706231549098;
155	9.110856675068176	0.9779497460726816;
156	9.110856594240017	0.8971215876840688;
157	9.110856761566616	1.0644481864829913;
158	9.110856702285501	1.0051670713551175;
159	9.110856721700754	1.0245823247601038;
160	9.110856669779126	0.9726606968740725;
161	9.110856587499853	0.8903814237015695;
162	9.11085678392667	1.0868082398474144;
163	9.110856824881452	1.127763022523709;
164	9.110856776006814	1.0788883848533715;
165	9.110856685486802	0.9883683720346426;
166	9.110856818994545	1.121876115561804;
167	9.110856726405313	1.0292868832806334;
168	9.110856832394417	1.1352759869964757;
169	9.110856748217005	1.0510985752887336;
170	9.110856770720362	1.0736019326884616;
171	9.110856598122922	0.9010044923485339;
172	9.11085659997955	0.9028611209771498;
173	9.11085659459624	0.8974778111792148;
174	9.110856805242275	1.1081238451282616;
175	9.110856589801825	0.8926833956479641;
176	9.110856603546912	0.906428482494448;
177	9.110856641119545	0.9440011154993044;
178	9.110856842609206	1.1454907760111155;
179	9.110856687948857	0.9908304274830471;
180	9.11085672149333	1.024374899571967;
181	9.110856820995046	1.1238766166599135;
182	9.110856811151221	1.114032791349473;
183	9.110856782618344	1.0854999139553456;
184	9.110856575270132	0.8781517024658569;
185	9.110856812183702	1.1150652721170218;
186	9.110856637226096	0.9401076663806407;
187	9.110856774067576	1.0769491467499392;
188	9.110856725507825	1.028389394974738;
189	9.11085678180636	1.0846879305859147;
190	9.110856774091058	1.0769726284109993;
191	9.110856761953587	1.0648351569386705;
192	9.110856638126581	0.9410081514005242;
193	9.110856819463118	1.1223446882979715;
