%% generator fcas trapezium
% service (1=LReg, 2=RReg, 3=L1S, 4=R1S, 5=L6S, 6=R6S, 7=L60S, 8=R60S, 9=L5M, 10=R5M)
%column_names%   gen  service emin    lb  ub  emax  amax
mpc.fcas_gen = [
2	10	330.0	330.0	619.0	685.0	0.0;
2	6	330.0	396.0	579.0	685.0	0.0;
2	8	330.0	396.0	579.0	685.0	0.0;
2	2	330.0	330.0	585.0	685.0	100.0;
2	5	330.0	396.0	685.0	685.0	0.0;
2	7	330.0	396.0	685.0	685.0	0.0;
2	9	330.0	396.0	685.0	685.0	0.0;
2	1	330.0	430.0	685.0	685.0	100.0;
3	8	210.0	210.0	320.0	360.0	40.0;
3	2	210.0	210.0	335.0	360.0	25.0;
3	7	210.0	250.0	360.0	360.0	40.0;
3	6	210.0	210.0	320.0	360.0	40.0;
3	9	210.0	260.0	360.0	360.0	50.0;
3	10	210.0	210.0	310.0	360.0	50.0;
3	5	210.0	250.0	360.0	360.0	40.0;
3	1	210.0	235.0	360.0	360.0	25.0;
4	1	220.0	303.0	320.0	320.0	60.0;
4	2	220.0	270.0	270.0	320.0	50.0;
4	9	300.0	320.0	320.0	320.0	20.0;
4	7	220.0	320.0	320.0	320.0	100.0;
4	8	220.0	270.0	270.0	320.0	50.0;
4	6	220.0	220.0	254.0	320.0	66.0;
4	5	220.0	290.0	320.0	320.0	70.0;
4	10	220.0	270.0	270.0	320.0	50.0;
5	5	6.0	7.0	40.0	40.0	0.0;
5	7	6.0	7.0	42.0	42.0	0.0;
5	10	6.0	6.0	34.0	35.0	0.0;
5	8	6.0	6.0	40.0	41.0	0.0;
5	9	6.0	7.0	40.0	40.0	0.0;
5	6	6.0	6.0	41.0	42.0	0.0;
8	10	215.0	267.0	268.0	320.0	52.0;
8	8	215.0	267.0	268.0	320.0	52.0;
8	6	215.0	215.0	254.0	320.0	66.0;
8	1	220.0	303.0	320.0	320.0	60.0;
8	9	300.0	320.0	320.0	320.0	20.0;
8	5	215.0	285.0	320.0	320.0	70.0;
8	7	215.0	315.0	320.0	320.0	100.0;
8	2	220.0	270.0	270.0	320.0	50.0;
9	1	180.0	205.0	700.0	700.0	25.0;
9	2	180.0	180.0	675.0	700.0	25.0;
9	10	180.0	180.0	650.0	700.0	50.0;
9	5	180.0	220.0	700.0	700.0	40.0;
9	7	180.0	220.0	700.0	700.0	40.0;
9	9	180.0	230.0	700.0	700.0	50.0;
9	8	180.0	180.0	660.0	700.0	40.0;
9	6	180.0	180.0	660.0	700.0	40.0;
10	8	330.0	396.0	579.0	685.0	0.0;
10	6	330.0	396.0	579.0	685.0	0.0;
10	5	330.0	396.0	685.0	685.0	0.0;
10	10	330.0	330.0	619.0	685.0	0.0;
10	7	330.0	396.0	685.0	685.0	0.0;
10	2	330.0	330.0	585.0	685.0	100.0;
10	1	330.0	430.0	685.0	685.0	100.0;
10	9	330.0	396.0	685.0	685.0	0.0;
11	9	228.0	248.0	663.0	663.0	0.0;
11	2	228.0	228.0	662.0	663.0	0.0;
11	5	228.0	248.0	663.0	663.0	0.0;
11	8	228.0	228.0	643.0	663.0	0.0;
11	1	228.0	229.0	663.0	663.0	0.0;
11	7	228.0	248.0	663.0	663.0	0.0;
11	10	228.0	228.0	643.0	663.0	0.0;
11	6	228.0	228.0	643.0	663.0	0.0;
12	5	1.0	44.0	90.0	90.0	0.0;
13	6	1.0	2.0	2.0	54.0	0.0;
13	9	1.0	2.0	2.0	54.0	0.0;
13	10	1.0	2.0	2.0	54.0	0.0;
13	8	1.0	2.0	2.0	54.0	0.0;
13	2	35.0	35.0	35.0	54.0	19.0;
13	5	1.0	2.0	2.0	54.0	0.0;
13	1	35.0	54.0	54.0	54.0	19.0;
13	7	1.0	2.0	2.0	54.0	0.0;
15	5	300.0	350.0	540.0	540.0	50.0;
15	1	300.0	350.0	540.0	540.0	50.0;
15	9	300.0	350.0	540.0	540.0	50.0;
15	7	300.0	350.0	540.0	540.0	50.0;
15	8	300.0	300.0	510.0	540.0	30.0;
15	2	300.0	300.0	490.0	540.0	50.0;
15	6	300.0	300.0	510.0	540.0	20.0;
15	10	300.0	300.0	510.0	540.0	30.0;
17	9	1.0	50.0	50.0	101.0	0.0;
17	10	1.0	1.0	1.0	29.0	28.0;
17	8	1.0	7.0	16.0	43.0	8.0;
17	6	1.0	5.0	17.0	40.0	3.0;
17	1	1.0	50.0	50.0	101.0	0.0;
17	2	1.0	50.0	50.0	101.0	0.0;
17	5	1.0	11.0	17.0	50.0	4.0;
17	7	1.0	15.0	19.0	61.0	9.0;
18	9	110.0	135.0	285.0	285.0	0.0;
18	10	105.0	105.0	260.0	285.0	0.0;
18	8	110.0	110.0	145.0	175.0	30.0;
18	6	110.0	110.0	145.0	175.0	30.0;
18	2	110.0	110.0	160.0	175.0	15.0;
18	7	110.0	130.0	175.0	175.0	20.0;
18	5	110.0	130.0	175.0	175.0	20.0;
18	1	110.0	130.0	175.0	175.0	20.0;
19	6	110.0	110.0	255.0	285.0	0.0;
19	7	110.0	130.0	285.0	285.0	0.0;
19	9	110.0	135.0	285.0	285.0	0.0;
19	5	110.0	130.0	285.0	285.0	0.0;
19	10	105.0	105.0	260.0	285.0	0.0;
19	2	110.0	110.0	210.0	285.0	0.0;
19	8	110.0	110.0	255.0	285.0	0.0;
19	1	110.0	185.0	285.0	285.0	0.0;
20	10	145.0	145.0	264.0	265.0	0.0;
20	6	145.0	145.0	268.0	269.0	0.0;
20	2	125.0	125.0	275.0	276.0	0.0;
20	9	166.0	167.0	276.0	276.0	0.0;
20	8	145.0	145.0	262.0	263.0	0.0;
20	1	125.0	126.0	276.0	276.0	0.0;
20	7	173.0	174.0	276.0	276.0	0.0;
20	5	177.0	178.0	276.0	276.0	0.0;
21	8	110.0	110.0	255.0	285.0	0.0;
21	7	110.0	130.0	285.0	285.0	0.0;
21	5	110.0	130.0	285.0	285.0	0.0;
21	10	105.0	105.0	260.0	285.0	0.0;
21	1	110.0	185.0	285.0	285.0	0.0;
21	9	110.0	135.0	285.0	285.0	0.0;
21	6	110.0	110.0	255.0	285.0	0.0;
21	2	110.0	110.0	210.0	285.0	0.0;
24	1	180.0	205.0	690.0	690.0	25.0;
24	6	180.0	180.0	650.0	690.0	40.0;
24	2	180.0	180.0	665.0	690.0	25.0;
24	9	180.0	230.0	690.0	690.0	50.0;
24	7	180.0	220.0	690.0	690.0	40.0;
24	8	180.0	180.0	650.0	690.0	40.0;
24	10	180.0	180.0	640.0	690.0	50.0;
24	5	180.0	220.0	690.0	690.0	40.0;
28	8	1.0	1.0	32.0	34.0	2.0;
28	1	0.0	0.0	0.0	0.0	0.0;
28	2	0.0	0.0	0.0	0.0	0.0;
28	5	0.0	3.0	34.0	34.0	3.0;
28	7	0.0	2.0	34.0	34.0	2.0;
28	6	1.0	1.0	32.0	34.0	2.0;
30	9	60.0	60.0	60.0	60.0	0.0;
30	7	40.0	40.0	40.0	40.0	0.0;
30	6	40.0	40.0	40.0	40.0	0.0;
30	2	40.0	40.0	40.0	40.0	0.0;
30	5	40.0	40.0	40.0	40.0	0.0;
30	1	40.0	40.0	40.0	40.0	0.0;
30	10	60.0	60.0	60.0	60.0	0.0;
30	8	40.0	40.0	40.0	40.0	0.0;
31	6	97.0	97.0	181.0	181.0	0.0;
31	2	97.0	97.0	181.0	181.0	0.0;
31	7	97.0	97.0	181.0	181.0	0.0;
31	5	97.0	97.0	181.0	181.0	0.0;
31	8	97.0	97.0	181.0	181.0	0.0;
31	1	97.0	97.0	181.0	181.0	0.0;
31	9	97.0	97.0	181.0	181.0	0.0;
31	10	97.0	97.0	181.0	181.0	0.0;
32	10	60.0	110.0	150.0	200.0	0.0;
32	8	40.0	62.0	191.0	200.0	0.0;
32	1	40.0	65.0	175.0	200.0	0.0;
32	9	60.0	110.0	150.0	200.0	0.0;
32	6	40.0	58.0	193.0	200.0	0.0;
32	2	40.0	80.0	160.0	200.0	0.0;
32	5	40.0	58.0	193.0	200.0	0.0;
32	7	40.0	62.0	191.0	200.0	0.0;
33	8	145.0	145.0	171.0	196.0	0.0;
33	7	145.0	170.0	196.0	196.0	0.0;
33	10	145.0	145.0	187.0	196.0	0.0;
33	9	145.0	154.0	196.0	196.0	0.0;
33	1	145.0	146.0	196.0	196.0	0.0;
33	5	145.0	170.0	196.0	196.0	0.0;
33	2	145.0	145.0	195.0	196.0	0.0;
33	6	145.0	145.0	171.0	196.0	0.0;
39	1	180.0	205.0	690.0	690.0	25.0;
39	5	180.0	220.0	690.0	690.0	40.0;
39	7	180.0	220.0	690.0	690.0	40.0;
39	10	180.0	180.0	640.0	690.0	50.0;
39	2	180.0	180.0	665.0	690.0	25.0;
39	8	180.0	180.0	650.0	690.0	40.0;
39	6	180.0	180.0	650.0	690.0	40.0;
39	9	180.0	230.0	690.0	690.0	50.0;
40	7	300.0	350.0	530.0	530.0	50.0;
40	5	300.0	350.0	530.0	530.0	50.0;
40	6	300.0	300.0	460.0	530.0	20.0;
40	8	300.0	300.0	462.0	530.0	30.0;
40	9	300.0	350.0	530.0	530.0	50.0;
40	1	300.0	350.0	530.0	530.0	50.0;
40	10	300.0	300.0	500.0	530.0	30.0;
40	2	300.0	300.0	480.0	530.0	50.0;
43	5	1.0	9.0	66.0	90.0	0.0;
43	9	1.0	44.0	44.0	89.0	0.0;
43	8	1.0	12.0	52.0	89.0	0.0;
43	2	1.0	44.0	44.0	89.0	0.0;
43	7	1.0	42.0	82.0	90.0	0.0;
43	1	1.0	51.0	78.0	78.0	0.0;
43	10	1.0	44.0	44.0	89.0	0.0;
43	6	1.0	5.0	59.0	88.0	0.0;
44	9	0.0	0.0	65.0	65.0	0.0;
44	7	0.0	0.0	65.0	65.0	0.0;
44	1	10.0	10.0	65.0	65.0	0.0;
44	2	10.0	10.0	65.0	65.0	0.0;
44	10	0.0	0.0	65.0	65.0	0.0;
44	8	0.0	0.0	65.0	65.0	0.0;
54	2	15.0	15.0	109.0	109.0	0.0;
54	1	15.0	15.0	109.0	109.0	0.0;
56	10	20.0	20.0	102.0	102.0	0.0;
56	7	20.0	40.0	92.0	102.0	20.0;
56	9	20.0	40.0	93.0	102.0	20.0;
56	8	20.0	20.0	102.0	102.0	0.0;
56	1	15.0	15.0	102.0	102.0	0.0;
56	2	15.0	15.0	102.0	102.0	0.0;
57	2	15.0	15.0	102.0	102.0	0.0;
57	1	15.0	15.0	102.0	102.0	0.0;
58	8	97.0	97.0	179.0	179.0	0.0;
58	9	97.0	97.0	179.0	179.0	0.0;
58	5	97.0	97.0	179.0	179.0	0.0;
58	7	97.0	97.0	179.0	179.0	0.0;
58	10	97.0	97.0	179.0	179.0	0.0;
58	1	97.0	97.0	179.0	179.0	0.0;
58	6	97.0	97.0	179.0	179.0	0.0;
58	2	97.0	97.0	179.0	179.0	0.0;
59	7	9.0	9.0	9.0	9.0	0.0;
59	10	9.0	9.0	9.0	9.0	0.0;
59	8	9.0	9.0	9.0	9.0	0.0;
59	9	9.0	9.0	9.0	9.0	0.0;
59	2	9.0	9.0	9.0	9.0	0.0;
59	6	9.0	9.0	9.0	9.0	0.0;
59	5	9.0	9.0	9.0	9.0	0.0;
59	1	9.0	9.0	9.0	9.0	0.0;
60	6	1.0	1.0	2.0	3.0	0.0;
60	2	0.0	0.0	0.0	60.0	57.0;
60	9	1.0	40.0	62.0	62.0	40.0;
60	8	1.0	1.0	47.0	62.0	8.0;
60	1	1.0	62.0	62.0	62.0	61.0;
60	7	1.0	56.0	62.0	62.0	55.0;
60	10	1.0	1.0	20.0	60.0	40.0;
60	5	1.0	55.0	62.0	62.0	40.0;
61	6	330.0	396.0	554.0	660.0	0.0;
61	2	330.0	330.0	560.0	660.0	100.0;
61	8	330.0	396.0	554.0	660.0	0.0;
61	1	330.0	430.0	660.0	660.0	100.0;
61	7	330.0	396.0	660.0	660.0	0.0;
61	5	330.0	396.0	660.0	660.0	0.0;
61	9	330.0	396.0	660.0	660.0	0.0;
61	10	330.0	330.0	594.0	660.0	0.0;
62	10	330.0	330.0	611.0	685.0	0.0;
62	1	330.0	330.0	330.0	330.0	0.0;
62	7	330.0	399.0	685.0	685.0	0.0;
